Isoforms_id	Insertions	Deletions	Divergent_positions	InterproDomains	PTMs	BindRegs
AIF1|ENST00000337917|Q5STX8|	[1, 2, 3, 4, 5, 6, 7, 8, 9, 10, 11, 12, 13, 14]	nan	[15, 16, 17, 18, 19, 20, 21, 22]	nan	['2:p']	nan
AIF1|ENST00000417200|Q5STX8|	[1, 2, 3, 4, 5, 6, 7, 8, 9, 10, 11, 12, 13, 14]	nan	[15, 16, 17, 18, 19, 20, 21, 22]	nan	['2:p']	nan
AIF1|ENST00000454372|Q5STX8|	[1, 2, 3, 4, 5, 6, 7, 8, 9, 10, 11, 12, 13, 14]	nan	[15, 16, 17, 18, 19, 20, 21, 22]	nan	['2:p']	nan
AIF1|ENST00000440907|P55008-1|	nan	nan	nan	nan	nan	nan
AIF1|ENST00000437985|Q5STX8|	[1, 2, 3, 4, 5, 6, 7, 8, 9, 10, 11, 12, 13, 14]	nan	[15, 16, 17, 18, 19, 20, 21, 22]	nan	['2:p']	nan
AIF1|ENST00000425748|P55008-1|	nan	nan	nan	nan	nan	nan
AIF1|ENST00000424944|P55008-2|	nan	[15, 16, 17, 18, 19, 20, 21, 22, 23, 24, 25, 26, 27, 28, 29, 30, 31, 32, 33, 34, 35, 36, 37, 38, 39, 40, 41, 42, 43, 44, 45, 46, 47, 48, 49, 50, 51, 52, 53, 54, 55, 56, 57, 58, 59, 60, 61, 62, 63, 64, 65, 66, 67, 68]	nan	['IPR011992:EF-hand domain pair']	['2:p', '11:ac,ub', '37:p', '38:p', '39:p', '54:p']	nan
AIF1|ENST00000419376|P55008-2|	nan	[15, 16, 17, 18, 19, 20, 21, 22, 23, 24, 25, 26, 27, 28, 29, 30, 31, 32, 33, 34, 35, 36, 37, 38, 39, 40, 41, 42, 43, 44, 45, 46, 47, 48, 49, 50, 51, 52, 53, 54, 55, 56, 57, 58, 59, 60, 61, 62, 63, 64, 65, 66, 67, 68]	nan	['IPR011992:EF-hand domain pair']	['2:p', '11:ac,ub', '37:p', '38:p', '39:p', '54:p']	nan
AIF1|ENST00000416422|P55008-2|	nan	[15, 16, 17, 18, 19, 20, 21, 22, 23, 24, 25, 26, 27, 28, 29, 30, 31, 32, 33, 34, 35, 36, 37, 38, 39, 40, 41, 42, 43, 44, 45, 46, 47, 48, 49, 50, 51, 52, 53, 54, 55, 56, 57, 58, 59, 60, 61, 62, 63, 64, 65, 66, 67, 68]	nan	['IPR011992:EF-hand domain pair']	['2:p', '11:ac,ub', '37:p', '38:p', '39:p', '54:p']	nan
AIF1|ENST00000376049|P55008-2|	nan	[15, 16, 17, 18, 19, 20, 21, 22, 23, 24, 25, 26, 27, 28, 29, 30, 31, 32, 33, 34, 35, 36, 37, 38, 39, 40, 41, 42, 43, 44, 45, 46, 47, 48, 49, 50, 51, 52, 53, 54, 55, 56, 57, 58, 59, 60, 61, 62, 63, 64, 65, 66, 67, 68]	nan	['IPR011992:EF-hand domain pair']	['2:p', '11:ac,ub', '37:p', '38:p', '39:p', '54:p']	nan
AIF1|ENST00000415830|P55008-2|	nan	[15, 16, 17, 18, 19, 20, 21, 22, 23, 24, 25, 26, 27, 28, 29, 30, 31, 32, 33, 34, 35, 36, 37, 38, 39, 40, 41, 42, 43, 44, 45, 46, 47, 48, 49, 50, 51, 52, 53, 54, 55, 56, 57, 58, 59, 60, 61, 62, 63, 64, 65, 66, 67, 68]	nan	['IPR011992:EF-hand domain pair']	['2:p', '11:ac,ub', '37:p', '38:p', '39:p', '54:p']	nan
AIF1|ENST00000414149|P55008-1|	nan	nan	nan	nan	nan	nan
AIF1|ENST00000413349|P55008-1|	nan	nan	nan	nan	nan	nan
AIF1|ENST00000412407|Q5STX8|	[1, 2, 3, 4, 5, 6, 7, 8, 9, 10, 11, 12, 13, 14]	nan	[15, 16, 17, 18, 19, 20, 21, 22]	nan	['2:p']	nan
AIF1|ENST00000383474|P55008-1|	nan	nan	nan	nan	nan	nan
AIF1|ENST00000383473|P55008-2|	nan	[15, 16, 17, 18, 19, 20, 21, 22, 23, 24, 25, 26, 27, 28, 29, 30, 31, 32, 33, 34, 35, 36, 37, 38, 39, 40, 41, 42, 43, 44, 45, 46, 47, 48, 49, 50, 51, 52, 53, 54, 55, 56, 57, 58, 59, 60, 61, 62, 63, 64, 65, 66, 67, 68]	nan	['IPR011992:EF-hand domain pair']	['2:p', '11:ac,ub', '37:p', '38:p', '39:p', '54:p']	nan
AIF1|ENST00000454573|Q5STX8|	[1, 2, 3, 4, 5, 6, 7, 8, 9, 10, 11, 12, 13, 14]	nan	[15, 16, 17, 18, 19, 20, 21, 22]	nan	['2:p']	nan
