Isoforms_id	Insertions	Deletions	Divergent_positions	InterproDomains	PTMs	BindRegs
AIPL1|ENST00000250087|Q9NZN9-3|	nan	[94, 95, 96, 97, 98, 99, 100, 101, 102, 103, 108, 109, 110, 111, 112, 113, 114, 115, 116, 117, 118, 119, 120, 121, 122, 123, 124, 125, 126, 127, 128, 129, 130, 131, 132, 133, 134, 135, 136, 137, 138, 139, 140, 141, 142, 143, 144, 145, 146, 147, 148, 149, 150, 151, 152, 153, 154, 155, 156, 157, 158, 163, 164]	[93]	nan	nan	nan
AIPL1|ENST00000570466|Q9NZN9-4|	nan	[32, 33, 34, 35, 36, 37, 38, 39, 40, 41, 42, 43, 44, 45, 46, 47, 48, 49, 50, 51, 52, 53]	[54]	['IPR001179:FKBP-type peptidyl-prolyl cis-trans isomerase domain']	nan	nan
AIPL1|ENST00000570584|K7EPF4|	[104, 105, 106, 107, 159, 160, 161, 162]	[1, 2, 3, 4, 5, 6, 7, 8, 119, 120, 121, 122, 123, 124, 125, 130, 131, 132, 133, 134, 135, 136, 137, 138, 144, 145, 156, 157, 165, 166, 167, 168, 169, 170, 171, 172, 173, 174, 175, 176, 177, 178, 179, 180, 181, 182, 183, 184, 185, 186, 187, 188, 189, 190, 191, 192, 193, 194, 195, 196, 197, 198, 199, 200, 201, 202, 203, 204, 205, 206, 207, 208, 209, 210, 211, 212, 213, 214, 215, 216, 217, 218, 219, 220, 221, 222, 223, 224, 225, 226, 227, 228, 229, 230, 231, 232, 233, 234, 235, 236, 237, 238, 239, 240, 241, 242, 243, 244, 245, 246, 247, 248, 249, 250, 251, 252, 253, 254, 255, 256, 257, 258, 259, 260, 261, 262, 263, 264, 265, 266, 267, 268, 269, 270, 271, 272, 273, 274, 275, 276, 277, 278, 279, 280, 281, 282, 283, 284, 285, 286, 287, 288, 289, 290, 291, 292, 293, 294, 295, 296, 297, 298, 299, 300, 301, 302, 303, 304, 305, 306, 307, 308, 309, 310, 311, 312, 313, 314, 315, 316, 317, 318, 319, 320, 321, 322, 323, 324, 325, 326, 327, 328, 329, 330, 331, 332, 333, 334, 335, 336, 337, 338, 339, 340, 341, 342, 343, 344, 345, 346, 347, 348, 349, 350, 351, 352, 353, 354, 355, 356, 357, 358, 359, 360, 361, 362, 363, 364, 365, 366, 367, 368, 369, 370, 371, 372, 373, 374, 375, 376, 377, 378, 379, 380, 381, 382, 383, 384, 385, 386, 387, 388, 389, 390, 391, 392]	[9, 93, 94, 95, 96, 97, 98, 99, 100, 102, 103, 108, 109, 110, 111, 112, 113, 114, 115, 116, 118, 127, 128, 129, 139, 140, 142, 143, 146, 147, 148, 151, 152, 154, 155, 158, 163, 164]	['IPR011990:Tetratricopeptide-like helical domain superfamily']	['214:ub', '299:m3']	nan
AIPL1|ENST00000571740|F1T0B5|	nan	[163, 164, 165, 166, 167, 168, 169, 170, 279, 280, 281, 282, 283, 284, 285, 286, 287, 288, 289, 290, 291, 292, 293, 294, 295, 296, 297, 298, 299, 300, 301, 302, 303, 304, 305, 306, 307, 308, 309, 310, 311, 312, 313, 314, 315, 316, 317, 318, 319, 320, 321, 322, 323, 324, 325, 326, 327, 328, 329, 330, 331, 332, 333, 334, 335, 336, 337, 338, 339, 340, 341, 342, 343, 344, 345, 346, 347, 348, 349, 350, 351, 352, 353, 354, 355, 356, 357, 358, 359, 360, 361, 362, 363, 364, 365, 366, 367, 368, 369, 370, 371, 372, 373, 374, 375, 376, 377, 378, 379, 380, 381, 382, 383, 384, 385, 386, 387, 388, 389, 390, 391, 392]	[271, 272, 273, 274, 275, 276, 277, 278]	['IPR011990:Tetratricopeptide-like helical domain superfamily']	['299:m3']	nan
AIPL1|ENST00000574506|Q7Z3H1|	nan	[33, 34, 35, 36, 37, 38, 39, 40, 41, 42, 43, 44]	nan	['IPR001179:FKBP-type peptidyl-prolyl cis-trans isomerase domain']	nan	nan
AIPL1|ENST00000574913|I3L3R9|	[159, 160, 161, 162]	[221, 222, 223, 224, 225, 226, 227, 228, 229, 230, 231, 232, 233, 234, 235, 236, 237, 238, 239, 240, 241, 242, 243, 244, 245, 246, 247, 248, 249, 250, 251, 252, 253, 254, 255, 256, 257, 258, 259, 260, 261, 262, 263, 264, 265, 266, 267, 268, 269, 270, 271, 272, 273, 274, 275, 276, 277, 278, 279, 280, 281, 282, 283, 284, 285, 286, 287, 288, 289, 290, 291, 292, 293, 294, 295, 296, 297, 298, 299, 300, 301, 302, 303, 304, 305, 306, 307, 308, 309, 310, 311, 312, 313, 314, 315, 316, 317, 318, 319, 320, 321, 322, 323, 324, 325, 326, 327, 328, 329, 330, 331, 332, 333, 334, 335, 336, 337, 338, 339, 340, 341, 342, 343, 344, 345, 346, 347, 348, 349, 350, 351, 352, 353, 354, 355, 356, 357, 358, 359, 360, 361, 362, 363, 364, 365, 366, 367, 368, 369, 370, 371, 372, 373, 374, 375, 376, 377, 378, 379, 380, 381, 382, 383, 384, 385, 386, 387, 388, 389, 390, 391, 392]	nan	['IPR011990:Tetratricopeptide-like helical domain superfamily']	['214:ub', '299:m3']	nan
AIPL1|ENST00000575265|F1T0C4|	[159]	[163, 279, 280, 281, 282, 283, 284, 285, 286, 287, 288, 289, 290, 291, 292, 293, 294, 295, 296, 297, 298, 299, 300, 301, 302, 303, 304, 305, 306, 307, 308, 309, 310, 311, 312, 313, 314, 315, 316, 317, 318, 319, 320, 321, 322, 323, 324, 325, 326, 327, 328, 329, 330, 331, 332, 333, 334, 335, 336, 337, 338, 339, 340, 341, 342, 343, 344, 345, 346, 347, 348, 349, 350, 351, 352, 353, 354, 355, 356, 357, 358, 359, 360, 361, 362, 363, 364, 365, 366, 367, 368, 369, 370, 371, 372, 373, 374, 375, 376, 377, 378, 379, 380, 381, 382, 383, 384, 385, 386, 387, 388, 389, 390, 391, 392]	[271, 272, 273, 274, 275, 276, 277, 278]	['IPR011990:Tetratricopeptide-like helical domain superfamily']	['299:m3']	nan
AIPL1|ENST00000576307|Q9NZN9-2|	nan	[33, 34, 35, 36, 37, 38, 39, 40, 41, 42, 43, 44, 45, 46, 47, 48, 49, 50, 51, 52, 53, 54, 55, 56, 57, 58, 59, 60, 61, 62, 63, 64, 65, 66, 67, 68, 69, 70, 71, 72, 73, 74, 75, 76, 77, 78, 79, 80, 81, 82, 83, 84, 85, 86, 87, 88, 89, 90, 91, 92]	nan	['IPR001179:FKBP-type peptidyl-prolyl cis-trans isomerase domain']	nan	nan
AIPL1|ENST00000576776|Q9NZN9-5|	nan	[222, 223, 224, 225, 226, 227, 228, 229, 230, 231, 232, 233, 234, 235, 236, 237, 238, 239, 240, 241, 242, 243, 244, 245]	[246]	['IPR011990:Tetratricopeptide-like helical domain superfamily']	['214:ub']	nan
