Isoforms_id	Insertions	Deletions	Divergent_positions	InterproDomains	PTMs	BindRegs
AK6|ENST00000380818|Q9Y3D8-2|	nan	[1, 2, 3]	[4, 5, 6, 7, 8, 9]	['IPR027417:P-loop containing nucleoside triphosphate hydrolase']	nan	nan
AK6|ENST00000502819|A0A087WY94|	nan	[48, 49, 50, 51, 52, 53, 54, 55, 56, 57, 58, 59, 60, 61, 62, 63, 64, 65, 66, 67, 68, 69, 70, 71, 72, 73, 74, 75, 76, 77, 78, 79, 80, 81, 82, 83, 84, 85, 86, 87, 88, 89, 90, 91, 92, 93, 94, 95, 96, 97, 98, 99, 100, 101, 102, 103, 104, 105, 106, 107, 108, 109, 110, 111, 112, 113, 114, 115, 116, 117, 118, 119, 120, 121, 122, 123, 124, 125, 126, 127, 128, 129, 130, 131, 132, 133, 134, 135, 136, 137, 138, 139, 140, 141, 142, 143, 144, 145, 146, 147, 148, 149, 150, 151, 152, 153, 154, 155, 156, 157, 158, 159, 160, 161, 162, 163, 164, 165, 166, 167, 168, 169, 170, 171, 172]	[41, 42, 43, 44, 45, 46, 47]	['IPR027417:P-loop containing nucleoside triphosphate hydrolase']	['44:p', '51:p', '103:p', '115:ub', '137:ub', '148:ub', '168:ub', '172:p']	nan
AK6|ENST00000512561|D6RDH4|	nan	[1, 2, 3, 4, 5, 6, 7, 8, 9, 10, 11, 12, 13, 14, 15, 16, 17, 18, 19, 20, 21, 22, 23, 24, 25, 26, 27, 28, 29, 30, 31]	[32, 33, 34, 35, 36, 37, 38, 39, 40]	['IPR027417:P-loop containing nucleoside triphosphate hydrolase']	['21:ub', '26:ub', '30:ub']	nan
AK6|ENST00000612207|Q9Y3D8-1|	nan	nan	nan	nan	nan	nan
AK6|ENST00000617079|D6RDH4|	nan	[1, 2, 3, 4, 5, 6, 7, 8, 9, 10, 11, 12, 13, 14, 15, 16, 17, 18, 19, 20, 21, 22, 23, 24, 25, 26, 27, 28, 29, 30, 31]	[32, 33, 34, 35, 36, 37, 38, 39, 40]	['IPR027417:P-loop containing nucleoside triphosphate hydrolase']	['21:ub', '26:ub', '30:ub']	nan
AK6|ENST00000618233|A0A087WY94|	nan	[48, 49, 50, 51, 52, 53, 54, 55, 56, 57, 58, 59, 60, 61, 62, 63, 64, 65, 66, 67, 68, 69, 70, 71, 72, 73, 74, 75, 76, 77, 78, 79, 80, 81, 82, 83, 84, 85, 86, 87, 88, 89, 90, 91, 92, 93, 94, 95, 96, 97, 98, 99, 100, 101, 102, 103, 104, 105, 106, 107, 108, 109, 110, 111, 112, 113, 114, 115, 116, 117, 118, 119, 120, 121, 122, 123, 124, 125, 126, 127, 128, 129, 130, 131, 132, 133, 134, 135, 136, 137, 138, 139, 140, 141, 142, 143, 144, 145, 146, 147, 148, 149, 150, 151, 152, 153, 154, 155, 156, 157, 158, 159, 160, 161, 162, 163, 164, 165, 166, 167, 168, 169, 170, 171, 172]	[41, 42, 43, 44, 45, 46, 47]	['IPR027417:P-loop containing nucleoside triphosphate hydrolase']	['44:p', '51:p', '103:p', '115:ub', '137:ub', '148:ub', '168:ub', '172:p']	nan
AK6|ENST00000618980|A0A087WVD7|	nan	[110, 111, 112, 113, 114, 115, 116, 117, 118, 119, 120, 121, 122, 123, 124, 125, 126, 127, 128, 129, 130, 131, 132, 133, 134, 135, 136, 137, 138, 139, 140, 141, 142, 143, 144, 145, 146, 147, 148, 149, 150, 151, 152, 153, 154, 155, 156, 157, 158, 159, 160, 161, 162, 163, 164, 165, 166, 167, 168, 169, 170, 171, 172]	nan	['IPR027417:P-loop containing nucleoside triphosphate hydrolase']	['115:ub', '137:ub', '148:ub', '168:ub', '172:p']	nan
AK6|ENST00000620269|Q9Y3D8-2|	nan	[1, 2, 3]	[4, 5, 6, 7, 8, 9]	['IPR027417:P-loop containing nucleoside triphosphate hydrolase']	nan	nan
AK6|ENST00000625009|A0A087WVD7|	nan	[110, 111, 112, 113, 114, 115, 116, 117, 118, 119, 120, 121, 122, 123, 124, 125, 126, 127, 128, 129, 130, 131, 132, 133, 134, 135, 136, 137, 138, 139, 140, 141, 142, 143, 144, 145, 146, 147, 148, 149, 150, 151, 152, 153, 154, 155, 156, 157, 158, 159, 160, 161, 162, 163, 164, 165, 166, 167, 168, 169, 170, 171, 172]	nan	['IPR027417:P-loop containing nucleoside triphosphate hydrolase']	['115:ub', '137:ub', '148:ub', '168:ub', '172:p']	nan
