Isoforms_id	Insertions	Deletions	Divergent_positions	InterproDomains	PTMs	BindRegs
ANAPC15|ENST00000438939|F8WDQ6|	[60, 61, 62, 63, 64, 65, 66, 67, 68, 69, 70, 71]	[93, 94, 95, 96, 97, 98, 99, 100, 101, 102, 103, 104, 105, 106, 107, 108, 109, 110, 111, 112, 113, 114, 115, 116, 117, 118, 123, 124, 125, 126, 127, 128, 129, 130, 131, 132, 133, 154, 155, 156, 157]	[72]	nan	nan	nan
ANAPC15|ENST00000502597|F5GWM6|	[119, 120, 121, 122, 134, 135, 136, 137, 138, 139, 140, 141, 142, 143, 144, 145, 146, 147, 148, 149, 150, 151, 152, 153, 158, 159, 160, 161, 162, 163, 164, 165, 166, 167, 168, 169, 170, 171, 172, 173, 174, 175, 176, 177, 178, 179, 180, 181, 182, 183, 184, 185, 186, 187, 188, 189, 190, 191, 192, 193, 194, 195, 196, 197, 198, 199, 200, 201, 202]	[1, 2, 3, 4, 5, 6, 7, 8, 9, 10, 11, 12, 13, 14, 15, 16, 17, 18, 19, 20, 21, 22, 23, 24, 25, 26, 27, 28, 29, 30, 31, 32, 33, 34, 35, 36, 37, 38, 39, 40, 41, 42, 43, 44, 45, 46, 47, 48, 49, 50, 51, 52, 53, 54, 55, 56, 57, 58, 59, 72, 73, 74, 75, 76, 77, 78, 79, 80, 81, 82, 83, 84, 85, 86, 87, 88, 89, 90, 91, 92, 93, 94, 95, 96, 97]	[124, 125, 126, 127, 128, 129, 130, 131, 132, 133, 154, 156, 157]	nan	nan	nan
ANAPC15|ENST00000535234|P60006-1|	nan	nan	nan	nan	nan	nan
ANAPC15|ENST00000535503|P60006-1|	nan	nan	nan	nan	nan	nan
ANAPC15|ENST00000537644|F5H6E4|	[60, 61, 62, 63, 64, 65, 66, 67, 68, 69, 70, 71, 119, 120, 121, 122]	[124, 125, 126, 127, 128, 129, 130, 131, 132, 133, 154, 155, 156, 157]	[72, 123]	nan	nan	nan
ANAPC15|ENST00000538393|P60006-1|	nan	nan	nan	nan	nan	nan
ANAPC15|ENST00000538919|P60006-1|	nan	nan	nan	nan	nan	nan
ANAPC15|ENST00000539395|F5GXB9|	nan	[45, 46, 47, 48, 49, 50, 51, 52, 53, 54, 55, 56, 57, 58, 59, 72, 73, 74, 75, 76, 77, 78, 79, 80, 81, 82, 83, 84, 85, 86, 87, 88, 89, 90, 91, 92, 93, 94, 95, 96, 97, 98, 99, 100, 101, 102, 103, 104, 105, 106, 107, 108, 109, 110, 111, 112, 113, 114, 115, 116, 117, 118, 123, 124, 125, 126, 127, 128, 129, 130, 131, 132, 133, 154, 155, 156, 157]	nan	nan	nan	nan
ANAPC15|ENST00000542531|P60006-1|	nan	nan	nan	nan	nan	nan
ANAPC15|ENST00000543050|G5EA39|	[119, 120, 121, 122, 134, 135, 136, 137, 138, 139, 140, 141, 142, 143, 144, 145, 146, 147, 148, 149, 150, 151, 152, 153, 158, 159, 160, 161, 162, 163, 164, 165, 166, 167, 168, 169, 170, 171, 172, 173, 174, 175, 176, 177, 178, 179, 180, 181, 182, 183, 184, 185, 186, 187, 188, 189, 190, 191, 192, 193, 194, 195, 196, 197, 198, 199, 200, 201, 202]	nan	[124, 125, 126, 127, 128, 129, 130, 131, 132, 133, 154, 156, 157]	nan	nan	nan
ANAPC15|ENST00000543587|P60006-2|	[119, 120, 121, 122]	nan	nan	nan	nan	nan
ANAPC15|ENST00000545333|F5H2T3|	nan	[78, 79, 80, 81, 82, 83, 84, 85, 86, 87, 88, 89, 90, 91, 92, 93, 94, 95, 96, 97, 98, 99, 100, 101, 102, 103, 104, 105, 106, 107, 108, 109, 110, 111, 112, 113, 114, 115, 116, 117, 118, 123, 124, 125, 126, 127, 128, 129, 130, 131, 132, 133, 154, 155, 156, 157]	nan	nan	nan	nan
ANAPC15|ENST00000545680|P60006-2|	[119, 120, 121, 122]	nan	nan	nan	nan	nan
ANAPC15|ENST00000545944|P60006-1|	nan	nan	nan	nan	nan	nan
