Isoforms_id	Insertions	Deletions	Divergent_positions	InterproDomains	PTMs	BindRegs
AP4S1|ENST00000216366|Q9Y587-2|	[118, 119, 120, 121, 122, 123, 124, 125, 126, 127, 159, 160, 161, 162, 163]	nan	[103, 104, 106, 107, 108, 109, 110, 112, 113, 114, 115, 116, 117, 128, 129, 130, 135, 137, 138, 139, 140, 141, 142, 143, 144, 145, 146, 147, 149, 150, 151, 152, 153, 155, 156, 157]	['IPR022775:AP complex, mu/sigma subunit']	nan	nan
AP4S1|ENST00000313566|Q9Y587-4|	[118, 119, 120, 121, 122, 123, 124, 125, 126, 127, 131, 132, 133, 134]	[143, 144, 145, 146, 147, 155, 156, 157, 158]	[103, 104, 106, 107, 108, 109, 110, 112, 113, 114, 115, 116, 117, 129, 130, 135, 137, 138, 139, 140, 141, 142, 149, 150, 151, 152, 153]	['IPR022775:AP complex, mu/sigma subunit']	nan	nan
AP4S1|ENST00000334725|Q9Y587-4|	[118, 119, 120, 121, 122, 123, 124, 125, 126, 127, 131, 132, 133, 134]	[143, 144, 145, 146, 147, 155, 156, 157, 158]	[103, 104, 106, 107, 108, 109, 110, 112, 113, 114, 115, 116, 117, 129, 130, 135, 137, 138, 139, 140, 141, 142, 149, 150, 151, 152, 153]	['IPR022775:AP complex, mu/sigma subunit']	nan	nan
AP4S1|ENST00000554345|Q9Y587-3|	[126, 127, 159, 160, 161, 162, 163]	[102, 103, 104, 105, 106, 107, 108, 109, 110, 111, 112, 113, 114, 115, 116, 117]	[99, 100, 101, 128, 129, 130, 135, 137, 138, 139, 140, 141, 142, 143, 144, 145, 146, 147, 149, 150, 151, 152, 153, 155, 156, 157]	['IPR022775:AP complex, mu/sigma subunit']	['99:p']	nan
AP4S1|ENST00000554609|G3V5J6|	nan	[103, 104, 105, 106, 107, 108, 109, 110, 111, 112, 113, 114, 115, 116, 117, 128, 129, 130, 135, 136, 137, 138, 139, 140, 141, 142, 143, 144, 145, 146, 147, 148, 149, 150, 151, 152, 153, 154, 155, 156, 157, 158]	[99, 100, 101, 102]	['IPR022775:AP complex, mu/sigma subunit']	['99:p']	nan
AP4S1|ENST00000556232|G3V4P7|	nan	[99, 100, 101, 102, 103, 104, 105, 106, 107, 108, 109, 110, 111, 112, 113, 114, 115, 116, 117, 128, 129, 130, 135, 136, 137, 138, 139, 140, 141, 142, 143, 144, 145, 146, 147, 148, 149, 150, 151, 152, 153, 154, 155, 156, 157, 158]	nan	['IPR022775:AP complex, mu/sigma subunit']	['99:p']	nan
AP4S1|ENST00000556480|-|	[118, 119, 120, 121, 122, 123, 124]	[1, 2, 3, 4, 5, 6, 7, 8, 9, 10, 11, 12, 13, 14, 15, 16, 17, 18, 19, 20, 21, 22, 23, 24, 25, 26, 27, 28, 29, 30, 31, 32, 33, 105, 106, 107, 108, 109, 110, 111, 112, 128, 129, 130, 135, 136, 137, 138, 139, 140, 141, 142, 143, 144, 145, 146, 147, 148, 149, 150, 151, 152, 153, 154, 155, 156, 157, 158]	[99, 100, 102, 103, 104, 113, 114, 115, 116, 117]	['IPR022775:AP complex, mu/sigma subunit']	['14:p', '18:ub', '27:ub', '99:p']	nan
AP4S1|ENST00000557346|G3V3X7|	nan	[148, 149, 150, 151, 152, 153, 154, 155, 156, 157, 158]	nan	['IPR022775:AP complex, mu/sigma subunit']	nan	nan
AP4S1|ENST00000616371|Q9Y587-1|	nan	nan	nan	nan	nan	nan
AP4S1|ENST00000622409|Q9Y587-1|	nan	nan	nan	nan	nan	nan
