Isoforms_id	Insertions	Deletions	Divergent_positions	InterproDomains	PTMs	BindRegs
ARPP19|ENST00000561650|P56211-2|	nan	[1, 2, 3, 4, 5, 6, 7, 8, 9, 10, 11, 31, 32, 33, 34, 35]	nan	nan	['2:p', '10:p']	nan
ARPP19|ENST00000561971|H3BMD8|	[12, 13, 14, 15, 16, 17, 18, 19, 20, 21, 22, 23, 24, 25, 26, 27, 28, 29, 30]	nan	[31, 32, 33, 34]	nan	nan	nan
ARPP19|ENST00000563277|P56211-2|	nan	[1, 2, 3, 4, 5, 6, 7, 8, 9, 10, 11, 31, 32, 33, 34, 35]	nan	nan	['2:p', '10:p']	nan
ARPP19|ENST00000563566|P56211-2|	nan	[1, 2, 3, 4, 5, 6, 7, 8, 9, 10, 11, 31, 32, 33, 34, 35]	nan	nan	['2:p', '10:p']	nan
ARPP19|ENST00000564163|H3BMD8|	[12, 13, 14, 15, 16, 17, 18, 19, 20, 21, 22, 23, 24, 25, 26, 27, 28, 29, 30]	nan	[31, 32, 33, 34]	nan	nan	nan
ARPP19|ENST00000566423|P56211-1|	nan	nan	nan	nan	nan	nan
ARPP19|ENST00000567669|P56211-1|	nan	nan	nan	nan	nan	nan
ARPP19|ENST00000567830|H3BTD3|	nan	[1, 2, 3, 4, 5, 6, 7, 8, 9, 10, 11, 31, 32, 33, 34, 35, 108, 109, 110, 111, 112, 113, 114, 115, 116, 117, 118, 119, 120, 121, 122, 123, 124, 125, 126, 127, 128, 129, 130, 131]	nan	nan	['2:p', '10:p', '94:p', '102:ub', '104:p', '108:p', '109:ac']	nan
ARPP19|ENST00000568196|P56211-2|	nan	[1, 2, 3, 4, 5, 6, 7, 8, 9, 10, 11, 31, 32, 33, 34, 35]	nan	nan	['2:p', '10:p']	nan
ARPP19|ENST00000569281|P56211-1|	nan	nan	nan	nan	nan	nan
ARPP19|ENST00000569723|H3BQ52|	nan	[1, 2, 3, 4, 5, 6, 7, 8, 9, 10, 11, 31, 32, 33, 34, 35, 36, 37, 38, 39, 40, 41, 42, 43, 44, 45, 46, 47, 48, 49, 50, 56, 57, 58, 59, 60, 61, 62, 63, 64, 65]	[51, 52, 54, 55, 66, 67, 68, 69, 70, 71, 72, 73, 74, 75]	nan	['2:p', '10:p', '22:p', '23:p', '26:ac', '31:ac', '33:ac', '35:m1', '36:p', '42:ac,ub', '46:p', '55:m1']	nan
