Isoforms_id	Insertions	Deletions	Divergent_positions	InterproDomains	PTMs	BindRegs
ATAT1|ENST00000318999|Q5SQI0-7|	nan	[198, 199, 200, 201, 202, 203, 204, 205, 206, 207, 208, 209, 210, 211, 212, 213, 214, 215, 216, 217, 218, 219, 220, 326, 327, 328, 329, 330, 331, 332, 333, 334, 335, 336, 337, 338, 339, 340, 341, 342, 343, 344, 345, 346, 347, 348, 349, 350, 351, 352, 353, 354, 355, 356, 357, 358, 359, 360, 361, 362, 363, 364, 365, 366, 367, 368, 369, 370, 371, 372, 373, 374, 375, 376, 377, 378, 379, 380, 381, 382, 383, 384, 385, 386, 387, 388, 389, 390, 391, 392, 393, 394, 395, 396, 397, 398, 399, 400, 401, 402, 403, 404, 405, 406, 407, 408, 409, 410, 411, 412, 413, 414, 415, 416, 417, 418, 419, 420, 421, 422, 423]	[197]	['IPR007965:Gcn5-related N-acetyltransferase (GNAT) domain, ATAT-type']	['333:p', '380:ac']	nan
ATAT1|ENST00000448670|Q5SQI0-2|	[1, 2]	[10, 11, 12, 13, 14, 15, 16, 17, 18, 19, 20, 21, 22, 23]	[3, 4, 5, 8, 9, 25, 26, 27, 28, 30, 31, 33, 34, 35, 36, 37, 38]	['IPR007965:Gcn5-related N-acetyltransferase (GNAT) domain, ATAT-type']	nan	nan
ATAT1|ENST00000432356|Q5SQI0-1|	nan	nan	nan	nan	nan	nan
ATAT1|ENST00000432643|Q5SQI0-2|	[1, 2]	[10, 11, 12, 13, 14, 15, 16, 17, 18, 19, 20, 21, 22, 23]	[3, 4, 5, 8, 9, 25, 26, 27, 28, 30, 31, 33, 34, 35, 36, 37, 38]	['IPR007965:Gcn5-related N-acetyltransferase (GNAT) domain, ATAT-type']	nan	nan
ATAT1|ENST00000442844|Q5SQI0-1|	nan	nan	nan	nan	nan	nan
ATAT1|ENST00000443114|Q5SQI0-7|	nan	[198, 199, 200, 201, 202, 203, 204, 205, 206, 207, 208, 209, 210, 211, 212, 213, 214, 215, 216, 217, 218, 219, 220, 326, 327, 328, 329, 330, 331, 332, 333, 334, 335, 336, 337, 338, 339, 340, 341, 342, 343, 344, 345, 346, 347, 348, 349, 350, 351, 352, 353, 354, 355, 356, 357, 358, 359, 360, 361, 362, 363, 364, 365, 366, 367, 368, 369, 370, 371, 372, 373, 374, 375, 376, 377, 378, 379, 380, 381, 382, 383, 384, 385, 386, 387, 388, 389, 390, 391, 392, 393, 394, 395, 396, 397, 398, 399, 400, 401, 402, 403, 404, 405, 406, 407, 408, 409, 410, 411, 412, 413, 414, 415, 416, 417, 418, 419, 420, 421, 422, 423]	[197]	['IPR007965:Gcn5-related N-acetyltransferase (GNAT) domain, ATAT-type']	['333:p', '380:ac']	nan
ATAT1|ENST00000443391|Q5SQI0-6|	nan	[198, 199, 200, 201, 202, 203, 204, 205, 206, 207, 208, 209, 210, 211, 212, 213, 214, 215, 216, 217, 218, 219, 220, 336, 337, 338, 339, 340, 341, 342, 343, 344, 345, 346, 347, 348, 349, 350, 351, 352, 353, 354, 355, 356, 357, 358, 359, 360, 361, 362, 363, 364, 365, 366, 367, 368, 369, 370, 371, 372, 373, 374, 375, 376, 377, 378, 379, 380, 381, 382, 383, 384, 385, 386, 387, 388, 389, 390, 391, 392, 393, 394, 395, 396, 397, 398, 399, 400, 401, 402, 403, 404, 405, 406, 407, 408, 409, 410, 411, 412, 413, 414, 415, 416, 417, 418, 419, 420, 421, 422, 423]	[197, 325, 326, 327, 329, 330, 331, 332, 333, 334, 335]	['IPR007965:Gcn5-related N-acetyltransferase (GNAT) domain, ATAT-type']	['323:m1', '333:p', '380:ac']	nan
ATAT1|ENST00000445486|Q5SQI0-1|	nan	nan	nan	nan	nan	nan
ATAT1|ENST00000445973|Q5SQI0-6|	nan	[198, 199, 200, 201, 202, 203, 204, 205, 206, 207, 208, 209, 210, 211, 212, 213, 214, 215, 216, 217, 218, 219, 220, 336, 337, 338, 339, 340, 341, 342, 343, 344, 345, 346, 347, 348, 349, 350, 351, 352, 353, 354, 355, 356, 357, 358, 359, 360, 361, 362, 363, 364, 365, 366, 367, 368, 369, 370, 371, 372, 373, 374, 375, 376, 377, 378, 379, 380, 381, 382, 383, 384, 385, 386, 387, 388, 389, 390, 391, 392, 393, 394, 395, 396, 397, 398, 399, 400, 401, 402, 403, 404, 405, 406, 407, 408, 409, 410, 411, 412, 413, 414, 415, 416, 417, 418, 419, 420, 421, 422, 423]	[197, 325, 326, 327, 329, 330, 331, 332, 333, 334, 335]	['IPR007965:Gcn5-related N-acetyltransferase (GNAT) domain, ATAT-type']	['323:m1', '333:p', '380:ac']	nan
ATAT1|ENST00000446100|Q5SQI0-5|	nan	[326, 327, 328, 329, 330, 331, 332, 333, 334, 335, 336, 337, 338, 339, 340, 341, 342, 343, 344, 345, 346, 347, 348, 349, 350, 351, 352, 353, 354, 355, 356, 357, 358, 359, 360, 361, 362, 363, 364, 365, 366, 367, 368, 369, 370, 371, 372, 373, 374, 375, 376, 377, 378, 379, 380, 381, 382, 383, 384, 385, 386, 387, 388, 389, 390, 391, 392, 393, 394, 395, 396, 397, 398, 399, 400, 401, 402, 403, 404, 405, 406, 407, 408, 409, 410, 411, 412, 413, 414, 415, 416, 417, 418, 419, 420, 421, 422, 423]	nan	nan	['333:p', '380:ac']	nan
ATAT1|ENST00000449905|Q5SQI0-7|	nan	[198, 199, 200, 201, 202, 203, 204, 205, 206, 207, 208, 209, 210, 211, 212, 213, 214, 215, 216, 217, 218, 219, 220, 326, 327, 328, 329, 330, 331, 332, 333, 334, 335, 336, 337, 338, 339, 340, 341, 342, 343, 344, 345, 346, 347, 348, 349, 350, 351, 352, 353, 354, 355, 356, 357, 358, 359, 360, 361, 362, 363, 364, 365, 366, 367, 368, 369, 370, 371, 372, 373, 374, 375, 376, 377, 378, 379, 380, 381, 382, 383, 384, 385, 386, 387, 388, 389, 390, 391, 392, 393, 394, 395, 396, 397, 398, 399, 400, 401, 402, 403, 404, 405, 406, 407, 408, 409, 410, 411, 412, 413, 414, 415, 416, 417, 418, 419, 420, 421, 422, 423]	[197]	['IPR007965:Gcn5-related N-acetyltransferase (GNAT) domain, ATAT-type']	['333:p', '380:ac']	nan
ATAT1|ENST00000428764|Q5SQI0-4|	nan	[336, 337, 338, 339, 340, 341, 342, 343, 344, 345, 346, 347, 348, 349, 350, 351, 352, 353, 354, 355, 356, 357, 358, 359, 360, 361, 362, 363, 364, 365, 366, 367, 368, 369, 370, 371, 372, 373, 374, 375, 376, 377, 378, 379, 380, 381, 382, 383, 384, 385, 386, 387, 388, 389, 390, 391, 392, 393, 394, 395, 396, 397, 398, 399, 400, 401, 402, 403, 404, 405, 406, 407, 408, 409, 410, 411, 412, 413, 414, 415, 416, 417, 418, 419, 420, 421, 422, 423]	[325, 326, 327, 329, 330, 331, 332, 333, 334, 335]	nan	['323:m1', '333:p', '380:ac']	nan
ATAT1|ENST00000450003|Q5SQI0-4|	nan	[336, 337, 338, 339, 340, 341, 342, 343, 344, 345, 346, 347, 348, 349, 350, 351, 352, 353, 354, 355, 356, 357, 358, 359, 360, 361, 362, 363, 364, 365, 366, 367, 368, 369, 370, 371, 372, 373, 374, 375, 376, 377, 378, 379, 380, 381, 382, 383, 384, 385, 386, 387, 388, 389, 390, 391, 392, 393, 394, 395, 396, 397, 398, 399, 400, 401, 402, 403, 404, 405, 406, 407, 408, 409, 410, 411, 412, 413, 414, 415, 416, 417, 418, 419, 420, 421, 422, 423]	[325, 326, 327, 329, 330, 331, 332, 333, 334, 335]	nan	['323:m1', '333:p', '380:ac']	nan
ATAT1|ENST00000450220|Q5SQI0-4|	nan	[336, 337, 338, 339, 340, 341, 342, 343, 344, 345, 346, 347, 348, 349, 350, 351, 352, 353, 354, 355, 356, 357, 358, 359, 360, 361, 362, 363, 364, 365, 366, 367, 368, 369, 370, 371, 372, 373, 374, 375, 376, 377, 378, 379, 380, 381, 382, 383, 384, 385, 386, 387, 388, 389, 390, 391, 392, 393, 394, 395, 396, 397, 398, 399, 400, 401, 402, 403, 404, 405, 406, 407, 408, 409, 410, 411, 412, 413, 414, 415, 416, 417, 418, 419, 420, 421, 422, 423]	[325, 326, 327, 329, 330, 331, 332, 333, 334, 335]	nan	['323:m1', '333:p', '380:ac']	nan
ATAT1|ENST00000454794|Q5SQI0-1|	nan	nan	nan	nan	nan	nan
ATAT1|ENST00000454987|Q5SQI0-6|	nan	[198, 199, 200, 201, 202, 203, 204, 205, 206, 207, 208, 209, 210, 211, 212, 213, 214, 215, 216, 217, 218, 219, 220, 336, 337, 338, 339, 340, 341, 342, 343, 344, 345, 346, 347, 348, 349, 350, 351, 352, 353, 354, 355, 356, 357, 358, 359, 360, 361, 362, 363, 364, 365, 366, 367, 368, 369, 370, 371, 372, 373, 374, 375, 376, 377, 378, 379, 380, 381, 382, 383, 384, 385, 386, 387, 388, 389, 390, 391, 392, 393, 394, 395, 396, 397, 398, 399, 400, 401, 402, 403, 404, 405, 406, 407, 408, 409, 410, 411, 412, 413, 414, 415, 416, 417, 418, 419, 420, 421, 422, 423]	[197, 325, 326, 327, 329, 330, 331, 332, 333, 334, 335]	['IPR007965:Gcn5-related N-acetyltransferase (GNAT) domain, ATAT-type']	['323:m1', '333:p', '380:ac']	nan
ATAT1|ENST00000456215|Q5SQI0-4|	nan	[336, 337, 338, 339, 340, 341, 342, 343, 344, 345, 346, 347, 348, 349, 350, 351, 352, 353, 354, 355, 356, 357, 358, 359, 360, 361, 362, 363, 364, 365, 366, 367, 368, 369, 370, 371, 372, 373, 374, 375, 376, 377, 378, 379, 380, 381, 382, 383, 384, 385, 386, 387, 388, 389, 390, 391, 392, 393, 394, 395, 396, 397, 398, 399, 400, 401, 402, 403, 404, 405, 406, 407, 408, 409, 410, 411, 412, 413, 414, 415, 416, 417, 418, 419, 420, 421, 422, 423]	[325, 326, 327, 329, 330, 331, 332, 333, 334, 335]	nan	['323:m1', '333:p', '380:ac']	nan
ATAT1|ENST00000456704|Q5SQI0-4|	nan	[336, 337, 338, 339, 340, 341, 342, 343, 344, 345, 346, 347, 348, 349, 350, 351, 352, 353, 354, 355, 356, 357, 358, 359, 360, 361, 362, 363, 364, 365, 366, 367, 368, 369, 370, 371, 372, 373, 374, 375, 376, 377, 378, 379, 380, 381, 382, 383, 384, 385, 386, 387, 388, 389, 390, 391, 392, 393, 394, 395, 396, 397, 398, 399, 400, 401, 402, 403, 404, 405, 406, 407, 408, 409, 410, 411, 412, 413, 414, 415, 416, 417, 418, 419, 420, 421, 422, 423]	[325, 326, 327, 329, 330, 331, 332, 333, 334, 335]	nan	['323:m1', '333:p', '380:ac']	nan
ATAT1|ENST00000457161|Q5SQI0-5|	nan	[326, 327, 328, 329, 330, 331, 332, 333, 334, 335, 336, 337, 338, 339, 340, 341, 342, 343, 344, 345, 346, 347, 348, 349, 350, 351, 352, 353, 354, 355, 356, 357, 358, 359, 360, 361, 362, 363, 364, 365, 366, 367, 368, 369, 370, 371, 372, 373, 374, 375, 376, 377, 378, 379, 380, 381, 382, 383, 384, 385, 386, 387, 388, 389, 390, 391, 392, 393, 394, 395, 396, 397, 398, 399, 400, 401, 402, 403, 404, 405, 406, 407, 408, 409, 410, 411, 412, 413, 414, 415, 416, 417, 418, 419, 420, 421, 422, 423]	nan	nan	['333:p', '380:ac']	nan
ATAT1|ENST00000430611|Q5SQI0-6|	nan	[198, 199, 200, 201, 202, 203, 204, 205, 206, 207, 208, 209, 210, 211, 212, 213, 214, 215, 216, 217, 218, 219, 220, 336, 337, 338, 339, 340, 341, 342, 343, 344, 345, 346, 347, 348, 349, 350, 351, 352, 353, 354, 355, 356, 357, 358, 359, 360, 361, 362, 363, 364, 365, 366, 367, 368, 369, 370, 371, 372, 373, 374, 375, 376, 377, 378, 379, 380, 381, 382, 383, 384, 385, 386, 387, 388, 389, 390, 391, 392, 393, 394, 395, 396, 397, 398, 399, 400, 401, 402, 403, 404, 405, 406, 407, 408, 409, 410, 411, 412, 413, 414, 415, 416, 417, 418, 419, 420, 421, 422, 423]	[197, 325, 326, 327, 329, 330, 331, 332, 333, 334, 335]	['IPR007965:Gcn5-related N-acetyltransferase (GNAT) domain, ATAT-type']	['323:m1', '333:p', '380:ac']	nan
ATAT1|ENST00000425448|Q5SQI0-2|	[1, 2]	[10, 11, 12, 13, 14, 15, 16, 17, 18, 19, 20, 21, 22, 23]	[3, 4, 5, 8, 9, 25, 26, 27, 28, 30, 31, 33, 34, 35, 36, 37, 38]	['IPR007965:Gcn5-related N-acetyltransferase (GNAT) domain, ATAT-type']	nan	nan
ATAT1|ENST00000319027|Q5SQI0-6|	nan	[198, 199, 200, 201, 202, 203, 204, 205, 206, 207, 208, 209, 210, 211, 212, 213, 214, 215, 216, 217, 218, 219, 220, 336, 337, 338, 339, 340, 341, 342, 343, 344, 345, 346, 347, 348, 349, 350, 351, 352, 353, 354, 355, 356, 357, 358, 359, 360, 361, 362, 363, 364, 365, 366, 367, 368, 369, 370, 371, 372, 373, 374, 375, 376, 377, 378, 379, 380, 381, 382, 383, 384, 385, 386, 387, 388, 389, 390, 391, 392, 393, 394, 395, 396, 397, 398, 399, 400, 401, 402, 403, 404, 405, 406, 407, 408, 409, 410, 411, 412, 413, 414, 415, 416, 417, 418, 419, 420, 421, 422, 423]	[197, 325, 326, 327, 329, 330, 331, 332, 333, 334, 335]	['IPR007965:Gcn5-related N-acetyltransferase (GNAT) domain, ATAT-type']	['323:m1', '333:p', '380:ac']	nan
ATAT1|ENST00000424121|Q5SQI0-6|	nan	[198, 199, 200, 201, 202, 203, 204, 205, 206, 207, 208, 209, 210, 211, 212, 213, 214, 215, 216, 217, 218, 219, 220, 336, 337, 338, 339, 340, 341, 342, 343, 344, 345, 346, 347, 348, 349, 350, 351, 352, 353, 354, 355, 356, 357, 358, 359, 360, 361, 362, 363, 364, 365, 366, 367, 368, 369, 370, 371, 372, 373, 374, 375, 376, 377, 378, 379, 380, 381, 382, 383, 384, 385, 386, 387, 388, 389, 390, 391, 392, 393, 394, 395, 396, 397, 398, 399, 400, 401, 402, 403, 404, 405, 406, 407, 408, 409, 410, 411, 412, 413, 414, 415, 416, 417, 418, 419, 420, 421, 422, 423]	[197, 325, 326, 327, 329, 330, 331, 332, 333, 334, 335]	['IPR007965:Gcn5-related N-acetyltransferase (GNAT) domain, ATAT-type']	['323:m1', '333:p', '380:ac']	nan
ATAT1|ENST00000329992|Q5SQI0-4|	nan	[336, 337, 338, 339, 340, 341, 342, 343, 344, 345, 346, 347, 348, 349, 350, 351, 352, 353, 354, 355, 356, 357, 358, 359, 360, 361, 362, 363, 364, 365, 366, 367, 368, 369, 370, 371, 372, 373, 374, 375, 376, 377, 378, 379, 380, 381, 382, 383, 384, 385, 386, 387, 388, 389, 390, 391, 392, 393, 394, 395, 396, 397, 398, 399, 400, 401, 402, 403, 404, 405, 406, 407, 408, 409, 410, 411, 412, 413, 414, 415, 416, 417, 418, 419, 420, 421, 422, 423]	[325, 326, 327, 329, 330, 331, 332, 333, 334, 335]	nan	['323:m1', '333:p', '380:ac']	nan
ATAT1|ENST00000330083|Q5SQI0-2|	[1, 2]	[10, 11, 12, 13, 14, 15, 16, 17, 18, 19, 20, 21, 22, 23]	[3, 4, 5, 8, 9, 25, 26, 27, 28, 30, 31, 33, 34, 35, 36, 37, 38]	['IPR007965:Gcn5-related N-acetyltransferase (GNAT) domain, ATAT-type']	nan	nan
ATAT1|ENST00000376483|Q5SQI0-5|	nan	[326, 327, 328, 329, 330, 331, 332, 333, 334, 335, 336, 337, 338, 339, 340, 341, 342, 343, 344, 345, 346, 347, 348, 349, 350, 351, 352, 353, 354, 355, 356, 357, 358, 359, 360, 361, 362, 363, 364, 365, 366, 367, 368, 369, 370, 371, 372, 373, 374, 375, 376, 377, 378, 379, 380, 381, 382, 383, 384, 385, 386, 387, 388, 389, 390, 391, 392, 393, 394, 395, 396, 397, 398, 399, 400, 401, 402, 403, 404, 405, 406, 407, 408, 409, 410, 411, 412, 413, 414, 415, 416, 417, 418, 419, 420, 421, 422, 423]	nan	nan	['333:p', '380:ac']	nan
ATAT1|ENST00000383582|Q5SQI0-2|	[1, 2]	[10, 11, 12, 13, 14, 15, 16, 17, 18, 19, 20, 21, 22, 23]	[3, 4, 5, 8, 9, 25, 26, 27, 28, 30, 31, 33, 34, 35, 36, 37, 38]	['IPR007965:Gcn5-related N-acetyltransferase (GNAT) domain, ATAT-type']	nan	nan
ATAT1|ENST00000383583|Q5SQI0-4|	nan	[336, 337, 338, 339, 340, 341, 342, 343, 344, 345, 346, 347, 348, 349, 350, 351, 352, 353, 354, 355, 356, 357, 358, 359, 360, 361, 362, 363, 364, 365, 366, 367, 368, 369, 370, 371, 372, 373, 374, 375, 376, 377, 378, 379, 380, 381, 382, 383, 384, 385, 386, 387, 388, 389, 390, 391, 392, 393, 394, 395, 396, 397, 398, 399, 400, 401, 402, 403, 404, 405, 406, 407, 408, 409, 410, 411, 412, 413, 414, 415, 416, 417, 418, 419, 420, 421, 422, 423]	[325, 326, 327, 329, 330, 331, 332, 333, 334, 335]	nan	['323:m1', '333:p', '380:ac']	nan
ATAT1|ENST00000383584|Q5SQI0-7|	nan	[198, 199, 200, 201, 202, 203, 204, 205, 206, 207, 208, 209, 210, 211, 212, 213, 214, 215, 216, 217, 218, 219, 220, 326, 327, 328, 329, 330, 331, 332, 333, 334, 335, 336, 337, 338, 339, 340, 341, 342, 343, 344, 345, 346, 347, 348, 349, 350, 351, 352, 353, 354, 355, 356, 357, 358, 359, 360, 361, 362, 363, 364, 365, 366, 367, 368, 369, 370, 371, 372, 373, 374, 375, 376, 377, 378, 379, 380, 381, 382, 383, 384, 385, 386, 387, 388, 389, 390, 391, 392, 393, 394, 395, 396, 397, 398, 399, 400, 401, 402, 403, 404, 405, 406, 407, 408, 409, 410, 411, 412, 413, 414, 415, 416, 417, 418, 419, 420, 421, 422, 423]	[197]	['IPR007965:Gcn5-related N-acetyltransferase (GNAT) domain, ATAT-type']	['333:p', '380:ac']	nan
ATAT1|ENST00000383585|Q5SQI0-1|	nan	nan	nan	nan	nan	nan
ATAT1|ENST00000400575|Q5SQI0-5|	nan	[326, 327, 328, 329, 330, 331, 332, 333, 334, 335, 336, 337, 338, 339, 340, 341, 342, 343, 344, 345, 346, 347, 348, 349, 350, 351, 352, 353, 354, 355, 356, 357, 358, 359, 360, 361, 362, 363, 364, 365, 366, 367, 368, 369, 370, 371, 372, 373, 374, 375, 376, 377, 378, 379, 380, 381, 382, 383, 384, 385, 386, 387, 388, 389, 390, 391, 392, 393, 394, 395, 396, 397, 398, 399, 400, 401, 402, 403, 404, 405, 406, 407, 408, 409, 410, 411, 412, 413, 414, 415, 416, 417, 418, 419, 420, 421, 422, 423]	nan	nan	['333:p', '380:ac']	nan
ATAT1|ENST00000400576|Q5SQI0-6|	nan	[198, 199, 200, 201, 202, 203, 204, 205, 206, 207, 208, 209, 210, 211, 212, 213, 214, 215, 216, 217, 218, 219, 220, 336, 337, 338, 339, 340, 341, 342, 343, 344, 345, 346, 347, 348, 349, 350, 351, 352, 353, 354, 355, 356, 357, 358, 359, 360, 361, 362, 363, 364, 365, 366, 367, 368, 369, 370, 371, 372, 373, 374, 375, 376, 377, 378, 379, 380, 381, 382, 383, 384, 385, 386, 387, 388, 389, 390, 391, 392, 393, 394, 395, 396, 397, 398, 399, 400, 401, 402, 403, 404, 405, 406, 407, 408, 409, 410, 411, 412, 413, 414, 415, 416, 417, 418, 419, 420, 421, 422, 423]	[197, 325, 326, 327, 329, 330, 331, 332, 333, 334, 335]	['IPR007965:Gcn5-related N-acetyltransferase (GNAT) domain, ATAT-type']	['323:m1', '333:p', '380:ac']	nan
ATAT1|ENST00000411724|Q5SQI0-5|	nan	[326, 327, 328, 329, 330, 331, 332, 333, 334, 335, 336, 337, 338, 339, 340, 341, 342, 343, 344, 345, 346, 347, 348, 349, 350, 351, 352, 353, 354, 355, 356, 357, 358, 359, 360, 361, 362, 363, 364, 365, 366, 367, 368, 369, 370, 371, 372, 373, 374, 375, 376, 377, 378, 379, 380, 381, 382, 383, 384, 385, 386, 387, 388, 389, 390, 391, 392, 393, 394, 395, 396, 397, 398, 399, 400, 401, 402, 403, 404, 405, 406, 407, 408, 409, 410, 411, 412, 413, 414, 415, 416, 417, 418, 419, 420, 421, 422, 423]	nan	nan	['333:p', '380:ac']	nan
ATAT1|ENST00000416435|Q5SQI0-2|	[1, 2]	[10, 11, 12, 13, 14, 15, 16, 17, 18, 19, 20, 21, 22, 23]	[3, 4, 5, 8, 9, 25, 26, 27, 28, 30, 31, 33, 34, 35, 36, 37, 38]	['IPR007965:Gcn5-related N-acetyltransferase (GNAT) domain, ATAT-type']	nan	nan
ATAT1|ENST00000416917|Q5SQI0-7|	nan	[198, 199, 200, 201, 202, 203, 204, 205, 206, 207, 208, 209, 210, 211, 212, 213, 214, 215, 216, 217, 218, 219, 220, 326, 327, 328, 329, 330, 331, 332, 333, 334, 335, 336, 337, 338, 339, 340, 341, 342, 343, 344, 345, 346, 347, 348, 349, 350, 351, 352, 353, 354, 355, 356, 357, 358, 359, 360, 361, 362, 363, 364, 365, 366, 367, 368, 369, 370, 371, 372, 373, 374, 375, 376, 377, 378, 379, 380, 381, 382, 383, 384, 385, 386, 387, 388, 389, 390, 391, 392, 393, 394, 395, 396, 397, 398, 399, 400, 401, 402, 403, 404, 405, 406, 407, 408, 409, 410, 411, 412, 413, 414, 415, 416, 417, 418, 419, 420, 421, 422, 423]	[197]	['IPR007965:Gcn5-related N-acetyltransferase (GNAT) domain, ATAT-type']	['333:p', '380:ac']	nan
ATAT1|ENST00000417183|Q5SQI0-7|	nan	[198, 199, 200, 201, 202, 203, 204, 205, 206, 207, 208, 209, 210, 211, 212, 213, 214, 215, 216, 217, 218, 219, 220, 326, 327, 328, 329, 330, 331, 332, 333, 334, 335, 336, 337, 338, 339, 340, 341, 342, 343, 344, 345, 346, 347, 348, 349, 350, 351, 352, 353, 354, 355, 356, 357, 358, 359, 360, 361, 362, 363, 364, 365, 366, 367, 368, 369, 370, 371, 372, 373, 374, 375, 376, 377, 378, 379, 380, 381, 382, 383, 384, 385, 386, 387, 388, 389, 390, 391, 392, 393, 394, 395, 396, 397, 398, 399, 400, 401, 402, 403, 404, 405, 406, 407, 408, 409, 410, 411, 412, 413, 414, 415, 416, 417, 418, 419, 420, 421, 422, 423]	[197]	['IPR007965:Gcn5-related N-acetyltransferase (GNAT) domain, ATAT-type']	['333:p', '380:ac']	nan
ATAT1|ENST00000418248|Q5SQI0-5|	nan	[326, 327, 328, 329, 330, 331, 332, 333, 334, 335, 336, 337, 338, 339, 340, 341, 342, 343, 344, 345, 346, 347, 348, 349, 350, 351, 352, 353, 354, 355, 356, 357, 358, 359, 360, 361, 362, 363, 364, 365, 366, 367, 368, 369, 370, 371, 372, 373, 374, 375, 376, 377, 378, 379, 380, 381, 382, 383, 384, 385, 386, 387, 388, 389, 390, 391, 392, 393, 394, 395, 396, 397, 398, 399, 400, 401, 402, 403, 404, 405, 406, 407, 408, 409, 410, 411, 412, 413, 414, 415, 416, 417, 418, 419, 420, 421, 422, 423]	nan	nan	['333:p', '380:ac']	nan
ATAT1|ENST00000420586|Q5SQI0-1|	nan	nan	nan	nan	nan	nan
ATAT1|ENST00000423338|Q5SQI0-7|	nan	[198, 199, 200, 201, 202, 203, 204, 205, 206, 207, 208, 209, 210, 211, 212, 213, 214, 215, 216, 217, 218, 219, 220, 326, 327, 328, 329, 330, 331, 332, 333, 334, 335, 336, 337, 338, 339, 340, 341, 342, 343, 344, 345, 346, 347, 348, 349, 350, 351, 352, 353, 354, 355, 356, 357, 358, 359, 360, 361, 362, 363, 364, 365, 366, 367, 368, 369, 370, 371, 372, 373, 374, 375, 376, 377, 378, 379, 380, 381, 382, 383, 384, 385, 386, 387, 388, 389, 390, 391, 392, 393, 394, 395, 396, 397, 398, 399, 400, 401, 402, 403, 404, 405, 406, 407, 408, 409, 410, 411, 412, 413, 414, 415, 416, 417, 418, 419, 420, 421, 422, 423]	[197]	['IPR007965:Gcn5-related N-acetyltransferase (GNAT) domain, ATAT-type']	['333:p', '380:ac']	nan
ATAT1|ENST00000423654|Q5SQI0-5|	nan	[326, 327, 328, 329, 330, 331, 332, 333, 334, 335, 336, 337, 338, 339, 340, 341, 342, 343, 344, 345, 346, 347, 348, 349, 350, 351, 352, 353, 354, 355, 356, 357, 358, 359, 360, 361, 362, 363, 364, 365, 366, 367, 368, 369, 370, 371, 372, 373, 374, 375, 376, 377, 378, 379, 380, 381, 382, 383, 384, 385, 386, 387, 388, 389, 390, 391, 392, 393, 394, 395, 396, 397, 398, 399, 400, 401, 402, 403, 404, 405, 406, 407, 408, 409, 410, 411, 412, 413, 414, 415, 416, 417, 418, 419, 420, 421, 422, 423]	nan	nan	['333:p', '380:ac']	nan
ATAT1|ENST00000457334|Q5SQI0-2|	[1, 2]	[10, 11, 12, 13, 14, 15, 16, 17, 18, 19, 20, 21, 22, 23]	[3, 4, 5, 8, 9, 25, 26, 27, 28, 30, 31, 33, 34, 35, 36, 37, 38]	['IPR007965:Gcn5-related N-acetyltransferase (GNAT) domain, ATAT-type']	nan	nan
