Isoforms_id	Insertions	Deletions	Divergent_positions	InterproDomains	PTMs	BindRegs
CELF2|ENST00000354897|Q5VZZ6|	[374, 375, 376, 377, 378, 379, 380, 381, 382, 383, 384, 385, 386, 387, 388, 389, 390, 391]	[17, 18, 19, 20, 21, 22, 23, 24, 25, 26, 27, 28, 29, 30, 31, 32, 33, 34, 35, 36, 37, 38, 39, 40]	[392]	['IPR035979_2:RNA-binding domain superfamily']	nan	nan
CELF2|ENST00000399850|O95319-2|	[374, 375, 388, 389, 390, 391]	[17, 18, 19, 20, 21, 22, 23, 24, 25, 26, 27, 28, 29, 30, 31, 32, 33, 34, 35, 36, 37, 38, 39, 40]	[392]	['IPR035979_2:RNA-binding domain superfamily']	nan	nan
CELF2|ENST00000417956|O95319-2|	[374, 375, 388, 389, 390, 391]	[17, 18, 19, 20, 21, 22, 23, 24, 25, 26, 27, 28, 29, 30, 31, 32, 33, 34, 35, 36, 37, 38, 39, 40]	[392]	['IPR035979_2:RNA-binding domain superfamily']	nan	nan
CELF2|ENST00000542579|E9PC62|	[10, 11, 12, 13, 14, 15, 16, 374, 375, 388, 389, 390, 391]	nan	[17, 18, 19, 21, 22, 23, 25, 26, 28, 29, 30, 31, 32, 33, 34, 392]	['IPR035979_2:RNA-binding domain superfamily']	nan	nan
CELF2|ENST00000608830|O95319-5|	[374, 375, 376, 377, 378]	[17, 18, 19, 20, 21, 22, 23, 24, 25, 26, 27, 28, 29, 30, 31, 32, 33, 34, 35, 36, 37, 38, 39, 40, 392]	[393]	['IPR035979_2:RNA-binding domain superfamily']	nan	nan
CELF2|ENST00000609692|V9GYD9|	[374, 375, 376, 377, 378]	[17, 18, 19, 20, 21, 22, 23, 24, 25, 26, 27, 28, 29, 30, 31, 32, 33, 34, 35, 36, 37, 38, 39, 40, 392, 453, 454, 455, 456, 457, 458, 459, 460, 461, 462, 463, 464, 465, 466, 467, 468, 469, 470, 471, 472, 473, 474, 475, 476, 477, 478, 479, 480, 481, 482, 483, 484, 485, 486, 487, 488, 489, 490, 491, 492, 493, 494, 495, 496, 497, 498, 499, 500]	[393]	['IPR035979_2:RNA-binding domain superfamily']	['458:ac,sm,ub']	nan
CELF2|ENST00000631460|O95319-1|	nan	nan	nan	nan	nan	nan
CELF2|ENST00000631816|A0A0J9YX66|	[374, 375, 388, 389, 390, 391]	nan	[392]	['IPR035979_2:RNA-binding domain superfamily']	nan	nan
CELF2|ENST00000632065|A0A0J9YXJ0|	[10, 11, 12, 13, 14, 15, 16, 374, 375, 376, 377, 378, 379, 380, 381, 382, 383, 384, 385, 386, 387, 388, 389, 390, 391]	nan	[17, 18, 19, 21, 22, 23, 25, 26, 28, 29, 30, 31, 32, 33, 34, 392]	['IPR035979_2:RNA-binding domain superfamily']	nan	nan
CELF2|ENST00000632728|O95319-2|	[374, 375, 388, 389, 390, 391]	[17, 18, 19, 20, 21, 22, 23, 24, 25, 26, 27, 28, 29, 30, 31, 32, 33, 34, 35, 36, 37, 38, 39, 40]	[392]	['IPR035979_2:RNA-binding domain superfamily']	nan	nan
CELF2|ENST00000633077|E9PC62|	[10, 11, 12, 13, 14, 15, 16, 374, 375, 388, 389, 390, 391]	nan	[17, 18, 19, 21, 22, 23, 25, 26, 28, 29, 30, 31, 32, 33, 34, 392]	['IPR035979_2:RNA-binding domain superfamily']	nan	nan
CELF2|ENST00000636488|A0A1B0GU44|	[1, 2, 3, 4, 5, 6, 7, 8, 9, 10, 11, 12, 13, 14, 15, 16]	[20, 21, 22, 23]	[17, 19, 24, 25, 26, 27, 28, 29, 30, 31, 33]	nan	nan	nan
CELF2|ENST00000637215|A0A1B0GUN8|	[1, 2, 3, 4, 5, 6, 7, 8, 9, 10, 11, 12, 13, 14, 15, 16, 374, 375, 388, 389, 390, 391]	[20, 21, 22, 23]	[17, 19, 24, 25, 26, 27, 28, 29, 30, 31, 33, 392]	['IPR035979_2:RNA-binding domain superfamily']	nan	nan
CELF2|ENST00000638035|O95319-2|	[374, 375, 388, 389, 390, 391]	[17, 18, 19, 20, 21, 22, 23, 24, 25, 26, 27, 28, 29, 30, 31, 32, 33, 34, 35, 36, 37, 38, 39, 40]	[392]	['IPR035979_2:RNA-binding domain superfamily']	nan	nan
